50
-806403010
595854406
343537426
-131896840
986059616
398104952
-682762949
-963360900
497422026
144498349
167108586
-753850388
-633672117
956553944
152454222
-929556623
82988147
421551640
-497149992
445146342
-427251570
534449916
491348372
-8392932
891421556
559138269
910036740
-142819344
456738558
986704161
-486850972
397589054
790034002
-910071528
-608592462
-934231224
-896235752
-761062336
13362137
-787215826
121718704
-953181152
582710452
-157558220
91122298
993572638
-993791868
191380531
190453958
28720172
