500
-690339408
-458459720
-93486850
663656513
-667500492
-203205528
616085179
617227387
-707238781
790277547
315129600
59623049
-419394590
322145710
-135852560
-86099208
751534804
122825021
-524633680
-14667148
-421479948
-418712068
-933908670
-38416246
117767883
-375591216
551018000
792878206
-728120132
496349384
-878432104
690590384
-957779883
-365423657
228559856
107023864
-593022836
45174037
-344796334
-586728290
412219553
-394890069
615785176
-167629987
-866329672
-598923040
-145490175
-622584622
-512956240
-634487888
-878470400
564028005
93715556
341690052
-68399806
-378717378
-981184484
774260232
-278533749
-97721020
-910115894
536764704
120169295
-524207636
383376596
353266488
151554397
-516598304
137465528
199075438
60782077
864627578
161738110
62243712
-942039704
738289434
-821034080
278385156
577476204
385176400
-97641312
-558170332
-972261942
523772628
660708671
656201554
452476766
-470523636
-446291165
-126736628
858275411
-838649532
-424497222
10009948
-95169072
-203214680
-352908256
367101024
-267314916
251038854
-354151140
-770163984
-39827725
147415872
-88718574
361951542
-476695252
-722515121
108670837
-739413552
-129276535
-735616900
690130964
-204330830
957791040
38150784
-866337586
-626295404
594892696
-367372304
894947632
316419057
-708619406
-876919520
-496073110
-337541076
604243304
118649269
343822680
-917718580
-384292984
-138169333
725320208
505925886
-699137736
469894100
-889047443
165563883
889245608
-644013902
-292437894
-588079168
-799239164
858056720
590468616
-572703816
843933216
174526924
-592598688
-856037016
685924787
247401008
182905476
384332318
724168832
-126131464
136127468
-751744834
118405439
-693984829
-610471108
-418011394
-953219584
10304892
951597365
-405063536
368441606
-21053184
593671316
463890808
-536341800
889695130
525053505
-924369154
956394292
300093908
297539750
595891281
580833370
-97002044
-206661671
-851293608
-131539084
577931465
-768743231
-146048140
-707578526
513863157
-387031236
-470130068
948862184
-537614370
28678296
89118301
-28630096
497318386
489023768
-473772753
702926773
628917014
-245720180
-258386702
-478806380
148523212
152095200
-773776738
102881680
-751224840
-340022036
161360416
-946842438
-533122332
-690231802
55270488
-929003921
-608125157
-54705408
-312998070
8265232
-263765292
975118682
-784131990
460606491
-637431572
105218048
-273231508
-271863416
867111832
5831736
-815351867
-583892753
509652774
-199506433
-920754438
423310285
227302211
-166231630
380049194
42501159
59780916
141476476
672097628
-859874190
480466045
638542718
619515242
-819960313
249487899
472077484
359343699
114441066
-435579604
-567817316
632415851
621367005
-601982342
-14550435
-197709901
-8636052
-818824092
198249962
101856156
-515248648
478276797
7780464
57439208
-742708278
-137094708
784568836
203442509
42535936
-313143632
841987913
-228088368
-261602259
836733234
119381472
26009290
432135795
-871145820
-446927450
438266021
-611717286
90585208
-544953642
-734718598
100075428
-819802042
-358334738
-689917874
833032726
964185950
-976790506
548441531
12438454
-163151088
-390549400
-658377978
-549817506
-312187525
-125116921
-375088648
-775056545
-607493460
115638052
-469383795
-728862780
988532400
249621639
-840005707
-738330779
-847480188
290499962
-657360796
182783366
274988733
-362234976
-721369170
-36868705
580551252
-438235000
-444842476
-918794708
653533602
370121904
-697038621
107670960
-305690204
-15236848
525175688
475433892
699065837
-115574252
638597546
681644390
-503271660
-563714466
941704960
-388438258
525501100
916663376
784584474
-290679046
415126152
-408124820
466014912
618008198
-304775747
897404503
755807712
761438138
-91392869
-874067335
-244685379
-750891440
-145159888
-435063216
789436028
-735628568
-795452122
893755796
-660947845
-907530780
400432256
429946327
-816252256
-217487383
10191914
951416338
863185638
235188589
550175813
59548296
-306648589
119000022
837700804
-704620814
-571210331
174425022
-425102389
45472168
-205397850
-467268743
-852634752
488391736
149816068
-493017296
-120964922
-887874090
536921404
-304899859
-123078566
493465920
-892459718
106027583
851698920
598626562
374985940
759557302
-214801930
-963093110
867161562
-678391384
-755940816
-360689932
989654008
147642042
-127106560
598476454
113765856
-956436994
563548610
-384757688
801510966
219433585
-654555504
517337746
-940758295
47515922
308848099
-988643921
329348896
586169394
320444992
-527441207
6818112
-352564472
935028981
-948664037
-913644778
-388578344
-360850337
-293094608
-851446216
-998241624
855970952
359172768
-124763756
-988124970
495679256
-281467810
272170760
-241377961
122804580
-650601706
-988074274
933447018
-821149349
-442437099
701182954
-161147976
511110900
-752306216
-911524116
-236830137
-98786262
354389542
977429124
9331706
-698150772
917857749
845072052
80829424
716951344
368018134
-561950384
736341735
-827051607
350882011
-651970144
701173896
-829792014
489329652
911848208
-476648584
-145446093
-912782936
-120139156
-294121272
835439968
-858827410
661124394
-114073708
-532854991
998269127
-897457608
814436158
338494629
-350533025
-364219464
-942963060
907294221
90881550
-259330041
656580195
-650170640
392233920
-893217126
996208890
157861532
