5000
75021137
77127286
-205794330
-441399800
205163812
-55077616
6199149
-878746700
609098126
428211232
-198401659
843320523
-146162528
501093967
253915222
351740160
42204368
-229844456
548587262
-483285462
-903491008
-473283545
788241056
477664777
-791013138
423452905
124272608
-224178803
-886105796
977459764
-377796500
-364823346
-857321861
-378685760
-129178320
494913384
-929739130
-962869488
-236776470
-335897588
749796052
155914082
-89476845
638108648
-69039558
721875075
624441812
-936594297
982243995
303838188
622390829
129534976
975587012
-357748168
673669374
191278262
-796943425
48574373
824190110
870224677
737718888
-256599748
-679577966
53746791
665481722
-339160042
-998037969
846908926
638332663
19508970
206045672
288278940
-36931587
592558890
147115024
64625276
111983203
63921626
-828038351
215202427
667964842
188555262
327306146
211816362
545080280
288530800
-328120047
775609792
-788376012
307682218
293871377
181473208
84880318
10494508
-98911114
777154877
737360194
-567928862
-877844440
-88080040
12810372
176225264
-20378188
162380576
-841072908
346172455
-637310196
593048424
610309571
291171025
94556512
-193516931
185655194
833552069
524352919
-461472500
-69915084
949174860
55741140
819156059
-267082510
979167736
225720312
-93076036
-330415606
996734110
-115167840
426596783
936906738
-628548765
657723636
-989804466
886259391
-18995480
-846918316
-830839874
-686156662
78304572
769912156
943539620
310141014
633995680
894076928
54476866
432908837
452657639
425063670
-356222888
66208032
-372381400
481293530
155123905
-193359228
424496120
-191661152
-927451110
-982427653
53649538
-926672329
256005258
23853504
171524968
847602576
289381540
-756180224
-167982119
-677074264
-338793458
897499260
936823279
894233886
-79935216
501051050
409917118
-534695455
-72671163
40388876
-82108657
-997068913
-108303664
148949250
31811643
-643673080
-982925875
708596866
-27782232
381035712
-378637844
631018624
-945648690
647284030
373779187
586930780
265428082
7870752
247248174
-38201412
796228832
534196216
138006152
-110045764
21520469
-178302660
-362989027
-387721402
-92708094
-553345150
477381386
-702864048
623280412
67941235
-871316992
728115438
-345688415
353702724
115602792
-291144683
165195702
-920919496
-892515489
-878075934
540786740
-45775904
-210713979
111733000
-202747046
559206835
911564928
598325163
-485376328
-772546756
-99128153
-644134896
109997864
-509897790
74749632
311220016
723821054
-471028250
-592351284
-658384132
-734888390
-748188772
-385729632
-218380178
-670286886
-176561916
298923904
384495704
320463899
-272303004
-148390525
-316127385
-226076942
209746816
-171704924
969723985
-504350288
633128004
515819884
477237864
-831965858
893866508
12517029
554693160
931373084
-469963067
-193334432
-377190146
124863550
55888344
122503305
-88958258
67022071
565379307
537408304
-382331657
-590543165
709307610
-564316216
358079518
-685145216
513519620
-786522787
911923244
-589018697
33166652
-466506474
-1346706
388848760
72420940
302291687
999676312
476162646
-952084766
545408836
-432057475
-684919250
18326372
709666905
481616010
137811904
-205259235
-883737718
14857944
373522212
-955149584
-345901196
228474289
430014580
349635794
-15068013
-607311920
-89392830
-514989302
88604672
219794860
-793181448
-571398187
51189720
642454381
57740795
-778464896
-898098488
-765520088
103468224
598682445
-968321927
-676097770
-858583559
447587047
-60907408
-68950640
-676163092
729112165
-780636428
15100642
-50727874
473941773
704345730
-306329434
-413382190
164769700
34831770
915491284
627572257
-38195968
853684992
13513312
196106904
-957184158
-749133482
-538880074
-146432808
-217909552
-842352546
924226721
-325323468
-206353812
-83177464
23585168
-748175212
516863464
-489665994
-268385504
-94950000
556690254
-208457348
723316434
570167169
305687903
966889420
56108456
380039139
79068544
-293478072
247925020
-70450193
-142944183
466111626
88528376
-62047316
35523496
984224256
-455013478
72284789
352149696
-562828903
-752127392
-130055848
-707081250
61899411
-194567658
-797523340
-332723943
485156992
493508612
668463832
95302476
992119018
290536232
-54653072
293156200
-78699208
638994390
-857210967
-46914458
-151562320
102646896
305795504
-522224373
-930358528
259793342
-139716352
-847040488
503259256
150139280
986918708
360754650
595584582
133383756
803633911
-431963492
178745596
882374227
497498728
-70754024
-571685448
-902589396
-703796636
-253573447
-541284129
751715112
134650356
208064681
748731004
55152827
590681238
154422354
-53409485
-658274812
-429292895
-305296544
-921672027
-1863618
817779928
738540742
-877280268
-782732428
514424622
233747500
505644272
519980222
67288328
-102313623
-885896786
-15170980
-780297008
-664479100
909381582
-862687758
-293018160
961086586
-74478430
309223702
834421956
726786798
-478017999
-921160355
354730348
612464712
-38062272
257454964
-660465442
-32009254
493614976
-604803176
846933298
-88038794
-889602073
-54854818
65350949
920763232
-183029367
-70618970
533229892
-643434560
-872624703
-61778068
384951044
-137869712
-957849468
-554484224
-89871385
499409608
416189780
999124086
-495010818
-284888466
51856180
82298648
-813449272
-45752818
929892576
-857820265
-422726455
-299734360
-591892788
-861783752
329427354
-357124968
764781579
910135400
-837015066
393904240
-102273082
-912728550
619498008
-386144994
615574156
28252251
610550549
-833924929
906592855
-741085160
555875955
35370132
-245463752
67487863
255280846
-635847068
-732985360
370444048
-398796253
-26814595
-757552282
635709998
-769202488
-691625520
303471696
-109283389
-17574558
-6486516
733644948
321328680
-701007922
-820899814
987347746
-842655731
569693164
-202882178
45575640
-988378874
253712176
733565856
51490334
77146192
-370556714
-137531414
478165858
231093792
-491884944
-203657408
-587183733
-47911401
-800756493
887916208
427540889
679752220
-452284040
154186491
-833438816
930922531
771538708
205501880
-927101412
204794472
676994908
-955821001
852344560
-216453888
698549984
648809996
-514524200
503076755
-484989096
-463245736
28380473
-610451845
-242984379
636642528
-980665920
-819800372
66043270
-429956694
-896803100
-659565726
315414392
-118767240
316512282
-385950144
-678737462
567500653
-330728944
-516135650
976973554
577241415
155734284
-856220698
201499936
-174970880
793494444
979604566
-466773772
-233983820
110333235
762362093
-159507552
213414064
-488445784
-787871720
608901108
261519988
-227051504
-228703575
881624410
-186902041
361310482
-498296808
552288111
376318447
370596388
-179428880
43136350
-399538236
-20000256
66422770
-46368888
784430178
-857040785
-39511200
-196671380
486650290
179344697
-106140876
-904610600
448479759
-944028456
453253760
737097188
823903678
-795618280
893881314
-937586584
942296484
-424850486
370036144
621948375
-53274464
329027916
-329984874
-347640358
731545591
914900890
-64222617
-919632160
716839896
-917367169
-851329799
475146327
-996360451
303614827
-8667424
-666107932
-414899792
353393878
215327994
28042208
153473816
-728509664
-255644222
591706639
-731730074
-66523052
192389614
635168033
-134724764
104069925
574225095
988309842
-826882944
-198333476
-678198168
208718002
140893789
144396336
-78163379
449681984
-6136060
-479113466
132790848
918461919
-325651698
-29646208
-110183436
197678404
-160334386
892917248
527359068
-858603940
478979308
182082468
22127752
-687245540
767770728
743862792
183929571
-315743646
603256656
139482564
-555105696
824423456
-479615030
579537880
518538457
-618096186
114078624
-961082704
-439124314
-636296796
507195888
-212252620
354295639
-669786783
317001223
860325129
938412425
284771680
-367647784
-653897192
704323720
-388197764
-824613624
-231537120
135773248
-108061184
625151048
-810021280
567257157
-790075331
-41895011
759307664
599854064
-871835434
-801068294
-896103653
593315576
291497868
929527840
-791684840
129754626
44336197
301370418
-953384185
-477735046
-972416336
3358528
-82542868
-733021440
350579503
-917454180
-235580090
-86352133
150246340
-56336318
450352064
291881248
-688595832
-611746158
-691374300
762702568
-319265688
-64245992
-236031719
-739083932
-597282048
544415735
686067156
-986924980
420706498
680006308
-165572824
594449728
536437132
488141668
622766576
822174462
316712906
-322503752
876898025
-107102376
-469498283
-763415005
-404141214
890031836
929784224
-235784448
-853964451
-547786509
932055293
-213650926
-4443835
-777594530
-86889076
464919622
338082605
-65266784
-480848328
-317061604
117857198
-665257713
-917500510
-585223985
-35541644
-105543638
-370234892
81867872
420755832
846782086
11763608
949471982
543118811
-374114610
-850028208
-687043071
-433709660
-480245552
885732784
-49713944
120354152
557012780
783735216
902471688
951714734
-67422694
716259084
-278317413
843897616
-650013312
571760128
137017967
767341218
-208355360
136897876
-713195201
-122211224
-32028864
45226886
813344436
-136577630
-714687223
768130886
65688072
875809916
61311250
177429720
-9123818
271733094
138014408
-956337160
-779987498
-412622656
73213896
-227181974
351749856
-966050360
410875404
-374252195
688540944
435493816
539777066
-495236020
388302130
294486294
364836838
945294722
954858940
232523908
69861241
425212455
477442193
-794483780
459266916
689387273
169835864
-216509028
-627442176
784443672
411428786
-800415886
-977952008
-127899044
-224785934
-145231803
-771373232
601547025
-632265907
-377912245
-116456432
-283242566
997365084
-138026488
636222656
-128442918
-262767052
-384282144
960234977
217990684
439265690
989290404
-697803146
55127315
571466100
480890260
-300179096
808273318
413824823
-364096680
228377596
-657452285
-316336372
-801930646
725783423
245389072
917866835
-427239624
-474957772
320405510
496524024
-197639889
-905921884
188049676
-71510634
-888059316
-166728192
654798005
595943736
-60727220
810555184
-516973914
586077266
325257716
661696850
-23544990
764736964
-101751360
-119956224
42552411
223396060
474659656
637231183
-843989460
-891919230
131223893
415936354
-45947490
-833511044
970105228
328836609
-455297435
468795449
167336696
64356909
76698720
-741006364
297971494
200176942
-405093552
730647152
65145336
-862003970
-429771625
840100352
-467954500
197149011
-44497751
-886414125
-167838232
-201522808
-775183208
580781214
-887943790
846836672
-76800224
-621160472
-133789114
-236977495
-80828147
-597584591
-960936280
64032348
866705533
557871750
369746912
-516019668
62818324
-190588994
573724576
-39966520
-976924862
98881096
-211642576
-576293430
292173626
229165228
-942804958
575583192
516578937
-813346938
-176519963
88230643
-204811103
884815900
-420695082
620854153
169367516
452366028
3206872
-670934864
38485432
-416258696
423206937
45238696
-833993824
-590964811
-674583654
-838063520
334240797
-527488314
-838738959
-397680032
-220062536
497518372
-382542322
-348474056
362049872
76090832
-748025043
-303654232
544836509
789806689
-913029862
85676610
463508111
420522520
-212567180
-976311298
43537499
-889136935
341127581
752746914
-964715508
141833868
-356645832
139182776
685206905
403121914
-309811382
-257726872
300835456
-147490916
-817830570
-74384402
-87150572
432840605
-572825964
-731851950
99772673
-138572976
-460327099
407452432
864160218
-43679280
832522220
632025297
6245020
883255826
-867454719
-763718987
-452156608
616643992
-672615934
444367296
-44648242
280349771
-53042966
-861533244
71260866
-837629806
72957560
-172355799
65014353
-410714038
-129061719
-113564972
245155105
199929793
389968860
-466400413
950034400
-442788014
283944256
312124290
642677353
609878672
363020977
432646856
749197047
-420786140
-839689440
669580254
781635962
-827635948
-189652734
820288331
403006897
-534112600
-442068600
684409577
500969456
-14428260
83322278
-853338414
-305109591
-635369840
-17629944
282488924
632911289
-134043170
342495728
-312205976
726524928
563219894
-433680904
819001908
849175706
-738015316
461447003
312309042
795787062
928535420
408575440
247356996
-380834576
629322622
-72068862
904146286
761299830
308575184
908591848
344899840
143061196
323828920
579631144
249644840
324244314
-759361460
-32224390
-503860381
885705320
-413462696
-764849812
353458232
196065677
-433186076
901389082
-703447796
719038258
-835489252
-167094035
818645464
105590272
92498032
992581690
385613412
606447056
241363404
-967720823
20021798
-107351720
853533960
-407743284
-139385928
417820173
-742912713
812526760
308450904
792468049
-260054739
-583710544
758785401
-160198948
945675068
189089406
-88237732
959093290
73196872
539517344
137175782
273445923
-367712458
-496538490
-197058368
614847660
733324256
-801361743
-781778472
-236028940
57248104
442246889
865500008
-385579040
136826770
683393740
429590560
-604623714
151487968
-712091877
-100335636
556448930
-511110062
578612562
150774810
-55637725
-326958544
32794776
234324280
663554344
-114809878
200948804
196508756
479195564
-69699408
996813204
56417044
-72045422
-510144656
421784284
126455586
-180489472
980813732
-914148480
-894184794
-442587128
795716217
432693340
-99727168
-323978804
746021824
640853661
-496286273
841757740
940661952
835512404
270265576
876434984
225807340
-46966752
-224206656
12031522
444690778
-79876770
-863824853
115288120
52063802
551565947
54887592
580413144
-739977578
905456148
862615479
533321384
108423340
-147907920
504850496
-94568794
472686600
408061420
763701300
213827826
-642261712
-623369553
23569783
-764137195
-646159424
437495558
73093799
322695552
-632884274
-207875980
-458838364
625615962
-896318131
151061546
-894927224
-969369550
-544872714
-501422409
-664156044
666274504
278694158
-737998820
839110158
991239643
120881536
-530571089
85092832
611006614
282435862
-634691268
606174062
833195124
-973614506
-557503703
758687335
616481072
-248527773
334782466
33469795
446975570
-883525893
-390788434
643626902
405043765
-663211784
-347251541
373578092
488457421
862142932
282573552
752820795
-240550210
-95727488
-716159698
969484336
518574686
796798207
452240369
785971681
905439726
710977598
677349884
32994490
510867015
-349391651
-402621917
935394786
-9858148
-726043576
105100292
577662384
-976692659
288565269
506587552
-483942984
-390187246
287989192
472514195
578582768
-594369405
-401133152
-19984360
550654780
-71764204
852127418
358143568
72297281
731197740
-288587600
50363488
-91964993
-951013282
98343227
110385903
-879053068
93669850
-364647991
363190893
488347250
417376444
53754794
140800531
-148002176
-652648175
-286805836
-1818613
804563497
-778639987
-346068398
-694343168
737568211
-984809784
-210742420
-103180031
-722562706
126101329
81734344
-8865520
916073935
838474611
-224619340
-811062795
637084652
-382307692
-448178561
593856813
389090432
62061863
380940572
147348692
661562254
683891348
-562878212
-100340441
-984203758
-933887775
-924514984
-1993536
9049122
-114933206
-742755552
-388585561
-759467648
590948864
-260375645
866968594
-525382590
43207842
643367280
-255511279
-672152164
-284924771
-796850776
-535077548
-756041187
523653136
348565726
408982641
-418582290
419723440
989511100
188492558
770790656
-762196568
-678393708
-148204408
504455408
-470033076
-178568722
-941228012
905671990
-694909736
961425298
-714063308
528553612
559104390
635782320
-224449572
-635816241
208545604
332273331
-633379249
43777
11247202
686404744
844112980
-699045418
-335669825
-994509957
641699144
-892459264
696243712
3994066
-500632867
-410148516
951654912
218936880
649776037
444357892
-232357930
-960219811
329146866
-151809721
-188497516
-410911336
623976944
-908723986
-694074672
799555776
-2509500
968778231
281477884
390955202
-73421092
528990048
671673933
846358152
-679083565
-604096623
-732629799
-484904190
-740537732
-634732548
-803692880
-158620330
110121225
376006731
-440972796
615409051
-479118660
508515399
-237050080
355388382
-926400325
-420300051
375194272
457166196
634964800
172959500
-599042914
238625859
541112000
95423669
97761204
-861994528
-553874123
120287910
880292704
-776037819
-538365716
-611065840
591070602
138674100
-603007907
281772958
66131428
481929228
-746949176
-618993082
298646768
-556960108
779128851
277807002
4212960
466696381
-234166747
-193347862
-208387828
-938905696
180824055
-851239876
-63456700
-584647296
260768020
108283580
-773240760
529567074
-756867528
-150170130
750639638
59370526
-691000591
908764880
34409603
606532512
-903696332
860593587
272836858
-686974056
-8271708
433564349
-578509777
417457557
-199201656
-895190348
-710063776
985664142
143918331
-367559988
170294172
666176832
800732422
706579055
441366147
654982131
-491528648
318996466
432096115
-493982028
60443715
659118214
550202877
-443365245
-53121184
791364108
981228376
512051940
-298190950
-766577708
-555949464
552606986
-865485872
951893167
592590787
777864592
493720988
-167027456
-596281105
-933953459
200619882
-958683111
-353330319
-202100960
723592812
-789770159
-755851296
51147506
-96786128
-130042695
16115882
-73993459
-398178058
-283779003
676642008
543900924
-392166480
439123587
-754997248
-498411562
-711319676
633324976
579334269
567565478
-84939672
-137494404
701468075
507847277
-307200588
-290989973
-145884336
-132893259
-701908570
-491572776
583236725
938629733
-24296820
429651914
872465868
237827236
215759916
910506944
790030555
333019978
502452048
-31219864
-553064786
414332139
290451488
892382037
-17553688
403298725
-215838903
-638052944
13344562
871305340
778770672
309936436
-775892887
-846541276
36351940
-378659856
-772801876
265093896
98865045
-702763872
954366221
499073440
586988324
487958275
798507813
593769680
668861199
-535838716
472974490
543993256
235498806
754501639
-725344473
-937600663
908558310
-322825810
-344500944
629672936
498194133
757075162
599519384
-861269767
-150261147
815925056
-453684673
780339658
-703467730
-282921397
-843064481
-175544490
590217616
-92378659
789544768
-616288682
276038186
854390990
967897604
-36798964
638761614
-385469488
-557636586
-182288899
805876954
-802615652
694192350
-362485292
598332910
804601393
-855299176
178033054
-855381056
-13144336
664559260
-821175985
127386462
-330370568
-184675328
722575679
504320364
821985512
18714518
73710530
138086480
243900348
-641254492
170649888
-459603540
671010369
-82589582
-903252652
-92560779
376892767
-507135842
389149484
813514695
746637845
805517600
792698368
580406212
30801699
953219725
296092978
-248590972
531702732
151154334
-401340646
-980108967
-701801800
-605148132
-370040812
755263132
115662724
-828929023
-933107980
128422356
936905016
401413664
-761859952
-502399884
-226658780
575326110
361267808
181692910
797401434
678173410
628722112
466073704
-818870436
453194380
171547636
16396776
-412239964
391948662
508294268
373833016
-63043092
519589370
22493456
-329206996
522399826
356369334
329291708
-362126408
-566975682
461829328
916618103
241313641
807358311
-499761804
-349288508
397855432
862770435
742582305
991119838
-120747070
-522300496
-56847119
-96299660
402681623
-722347776
254775711
-831022930
498536302
960983636
-516494819
-475014784
-283359488
-897877514
-876994596
-240054044
-726112891
-103326316
-297829074
689308736
-381358464
-739874572
-90358052
769798215
11402525
-927806112
-56234782
-604326782
-618711520
452956838
149506072
-701818985
-117954977
-237412421
-383564836
-748291306
708685108
846061794
-594251488
-911933831
643400159
-430580850
711745984
48836570
27305118
928502406
484861972
-68994020
267935462
89124842
333859336
387895563
-602749664
925185724
393079144
100007524
849099402
982253952
-54323102
166392129
-76657894
-745011687
737619420
948930889
606496896
893075810
431607644
-656091952
253893992
425125732
-225586663
-164735782
221066395
123967136
14354189
-277065877
511390944
-51173574
-853432486
773111603
-182819068
-646293065
412273423
968497025
818195543
105538384
115178686
27455244
-113689368
-452768672
-659343850
-616914153
78445878
-555613102
745098969
882884388
-646985358
309067025
942518594
-680762608
-331420546
179404488
-61483014
-126283284
-64190184
-861523202
523501246
-13105081
-985350244
-260831538
-968257190
378811077
812022036
264412800
-566880778
775508917
-958649696
-61419479
513749835
-114487216
353278984
381402666
-475992372
508685439
-293010150
622137580
562701314
-28259027
40984592
-682794204
-52944152
-367872252
-937230381
-60324824
-321234232
8152610
-9379676
828819473
434004552
664949499
794346460
-883235679
-592471168
754900184
76793808
-269383154
-335478486
-16163860
722427584
-41296582
484394588
-688820037
-787398354
436495824
725601261
-65881040
623465165
434167078
-335427154
155665150
172471789
12592358
-535474814
110073741
-69465818
654251948
589296672
-167966951
-397562828
-940755544
-569457883
-525364030
289969370
-490993776
-300423456
-806131133
-863583803
886085392
795206833
482635796
-110539072
70621372
173372594
407129937
840406302
-693294880
302740403
173510543
-280651744
-1712692
-870117532
692650579
131081238
980413910
196897510
854187618
-940569908
-328512292
-399722430
331841784
582484942
-165156100
-41884077
594827128
367598954
75166579
-168262066
976271123
990702314
-574824954
-48472932
946744944
922533748
339555784
409377684
587571385
-820041477
-290386080
93165044
282957876
-433896098
-235678536
691937908
-252804252
313284400
304547997
-806290296
-6605722
-859514732
36536134
827199093
728471368
401096130
49460007
196176237
361210018
237264216
267882960
731795820
-92771554
-567526560
127329792
-554751394
-373894054
-784232375
-457284067
-876028748
-324473
768106792
147120164
827636098
-412473356
-212213392
765890724
236949262
-770767668
-261765120
-949413681
761915057
-489496888
-425807476
-633505595
-570701620
472624448
94101724
-935973487
-454071734
-809752431
762442868
853355342
-373793666
55023808
266224790
947533904
189960144
428082759
652278236
999177344
419258208
824488870
-881187560
-509310148
-397143564
-803575800
-794967424
-487617250
-892329683
477152452
-853375302
714772116
-559835392
-382384768
868283936
-318761407
821595920
-365722024
656621007
209407640
575805462
-651889246
503996167
-226005858
703725424
781165376
-411503856
-622704720
-505850644
-57659937
952893698
-784706312
509029783
-625048090
376562364
-909568956
-910508729
140585304
308106660
788811288
145533520
-141232445
-67104268
338906131
-302610916
-286711543
-380218488
802753146
-827708822
-629593168
943226178
-711917998
764021591
91689756
-660360016
-859724408
-110651569
781556790
-632074570
-851107812
-667109204
-906886822
-647908864
-345479616
-726604897
187678908
205495824
372933344
118261076
-612409010
178506497
-47558340
-671681666
-79045376
117928788
-873722036
-387813120
974618984
377802944
305887920
963856328
-618951356
2730511
100299968
242532850
787789440
126138445
44918296
-906646624
-13876536
-481931438
629566210
-250067441
-260978282
168082480
-322457585
26968960
-471395008
-13727436
-444289920
-674114787
311716454
617462334
-337478368
50796250
174677512
-869302728
641579902
25135976
296725232
763502640
334639436
-11519796
68097954
-52145486
531383458
378328420
-442016552
810967628
-127723532
605776372
-721479836
23696788
169471626
-140870288
-65212408
146831120
-209317180
667156349
-746156992
214126148
-514809896
178956808
992680256
397140047
-145390802
-664022812
139415264
626465476
-530617477
834129008
803401552
44902944
558044268
845937543
-685793688
971941055
104183764
-27059671
88347770
484101888
34329744
-545227143
37129686
-501264084
-131232637
174720551
-786101321
-158815983
643149039
816271732
535761021
-948344320
-392591980
-465163946
-880390006
-459786872
828360809
245737864
120806164
504645137
-336282428
12846376
-2204556
79137692
261951887
-407977710
86778004
96729584
247450668
-128007000
-630649932
513603568
-332120865
-794325809
697297484
124075778
-346151728
-319851218
-340216397
438584352
-963507112
122807004
762433134
332763575
968080901
496033038
878276985
-675827866
471516800
-532205496
166759012
-295511252
909771420
-893019662
950388962
941416620
-892302589
-758689726
668623744
886042822
-9207421
170654530
-271733936
-930187608
198226560
350662776
457974274
-626075528
66890137
162973536
814163660
-440132992
177495586
901956374
-98616793
15513664
-619604656
875887502
918310925
922783738
143179018
666065269
-812282620
-660084318
233803470
578703786
-505597172
80818669
-250993930
547135507
544518041
432327948
455999004
878334758
-396605992
372992406
-698003809
-37439096
-956598102
661292452
660420440
-580766684
-387646316
269775186
805763578
585680022
735393235
581107399
-242236800
631785966
38868072
884261578
-929068182
-869647185
-812520490
-277296325
-94293062
387321670
-853031988
-627616544
942681094
-699790026
180232099
216006646
-566224864
-3773480
24076812
460912711
78515348
-839000460
-462099543
-854360652
522433189
991305306
294848481
131802638
823861616
-493880930
242801540
-641535390
-310842356
-758441288
18104692
-453143865
-62380425
746365652
20658403
514019696
3650908
718220164
395622500
672325615
885517680
-183622423
-379520962
64460882
-935591138
317723028
329200492
-917225956
-413163620
-340497765
250973644
96028892
821331750
-665919138
-685763427
-484396228
457228739
-236591566
-868470611
607815035
725858812
-664911324
857746816
316980888
-686050618
-784935000
-520838419
576348908
27085408
805487288
692062056
54786653
-126053884
-97846729
295640848
-972031426
270009524
-79954168
874505200
940251048
100771481
-58976566
387628102
286107321
287755569
116099286
472874372
-8289623
290002718
397873400
-135346572
307000054
670530876
210379440
-802888548
35493207
123758516
977044457
100771840
580360288
887753523
775146160
-452653970
-468285104
-637806816
661013311
617122931
-173582544
-741215041
180938373
477320700
50920288
707431332
814553603
-634258715
523194640
914557042
-235163704
22962761
-471206128
94499752
-852403217
-279535451
559966760
-417263032
-543118376
464720827
346288186
-924474144
-540035256
726414727
906422736
-937589732
917596608
-783049856
90998296
523213240
-472476994
-344988738
-286713482
703350918
-779560452
906636900
-831332624
-477983804
206062028
-69086815
-976588704
669414124
-320486497
-490114340
-109613979
-126957500
-729756892
-5442560
-518381254
-766920042
834248568
826799490
425709703
-590819544
332775939
-957788875
494619016
-856023888
-67749184
-765507198
53848032
-633538816
886044619
-557111616
-981280711
-757121670
-985688221
-861982596
378416948
842929208
482883072
-181680917
-643302792
-442735156
107808217
786728596
-221090204
384548414
-347805982
296743468
257089816
591767154
-251623352
398177526
31081728
-750525768
-660745088
-371855816
-520834686
-31400389
114985554
592150004
597574135
107301070
-915033670
95082009
363759374
-110166124
-916492857
-235303140
-518375160
-47909728
-476885727
-603553520
-275722190
269120555
-992394246
-138552537
712053788
-633895534
-220062970
11943631
375084721
-899918816
841392806
825434736
-624008694
-677889491
-200527367
230361106
137569520
-975828064
-180267360
456487178
-378110879
23979168
508574969
-695443118
46222480
292103842
92573195
-280629840
-164992760
30824969
502505078
-488156946
-565181378
-659469368
-315251612
-433690792
-692139514
-293421536
368624122
44062867
-131527076
961719464
-802543888
790095454
-518025842
-470980638
-116172422
-397338560
-985640456
-618896418
543426036
528738430
-112678402
107594106
-480418415
220143637
743296454
425257318
-73465724
-704416734
-507783396
-543344800
677225504
-2264486
-521082540
-773908216
553857707
913232306
353265864
-885625615
-959775872
566803944
-75406285
-593106716
-500004484
372752044
711343888
785448562
-759617928
-101295136
-936035138
-370430192
138784728
46180806
180765954
-445267823
-505822628
-831870945
-215456334
-745138981
182229638
266459216
996626780
-31352128
-867541901
-886892188
415716360
-476366112
-867835938
12751248
-294294459
524164390
37639168
-200578972
-202153342
-184422366
587693616
74795392
-436769738
-322773361
270564150
-835487400
-999749995
662722756
537059068
-242712200
-692759666
80883425
941922324
-549155729
628276564
-115988908
993003328
712552648
464849584
-529025312
500870169
-140139321
813210682
275820476
301105324
-370182304
-120882792
909999232
-158073330
336855886
-836729086
303326626
99318234
-611908268
458690780
98174734
202633080
-468243857
175199062
440202752
832431224
-462189288
-633482368
992361006
893286266
-82641632
344151340
-479826229
-259235915
687357661
550429528
58202125
135441012
-661728363
-397116828
687968483
31301185
-135835328
473307690
-22053440
-379937934
-919726528
-764616456
-531756156
-139667344
718751792
-334677310
27924868
944140352
-274413292
830415118
312876974
858803936
-37587688
259741185
-536188726
-138951740
-578865484
85552646
-457108224
196836764
476493640
-123705412
956421699
-298686960
143489292
525678947
41740732
733365944
-376258720
4011829
678212061
126603901
-83808618
676602611
-417921686
602240551
163425372
-200505824
590023104
907045128
-417557456
210312546
-759767410
551524264
-303285064
-821848850
866917372
261135976
323636036
815654000
613994848
388785684
395493484
-182730315
32202224
557272086
-755267696
126001068
-535053319
-702964191
-693026774
-49363406
970337451
314492371
6188750
657297342
-727962578
-303935520
384723026
-152258606
-822520208
404968516
-489057106
-546030094
-75678352
735259733
-226201772
-369632442
765028471
-138381490
491963976
-774190456
307720356
567890000
71807383
-996011457
349401252
-405801224
-706820412
797747058
804141880
-308864487
403682277
-19052668
869276060
452292876
974619825
364653064
-80187941
218122228
328819652
797638524
152433552
521992230
-333803236
165339004
628685888
870397267
615993696
937412100
224007015
-230876320
-963162548
366580832
450469768
648595188
-400512942
-116574836
24877248
-72333892
263211136
277828384
-857506476
-927488006
-591166944
-125583099
316721473
-409898384
946078080
89610816
364774623
796201803
-139490368
-586341168
685678908
-539212086
-887907756
144923282
-762244981
890624197
723459436
813346436
411326848
764155650
-605072094
838867189
-817788488
-275475596
532478806
-911107667
-729247472
-114242355
953749947
-398628636
54246828
510749292
853256118
-142857010
990907720
547776508
627809749
-793626028
-308178310
177486631
-502152832
284750402
-753947136
-231502364
28024078
76073432
775885595
-54198458
-840802292
-776773993
-467523856
913565040
-102770524
-519327945
293260190
931954962
-691222712
491586820
-464166736
-589733068
-539600512
-298938064
-603799300
-604229886
-266012061
118507072
-891472072
299709588
-457031345
298790420
486894987
-383626800
-750948096
327002560
-292648438
-454343244
872145808
540282636
-273309904
-205727930
-510354274
417660666
22845829
578008116
-423024748
-647395040
791516074
979282152
211885708
144855252
-487170418
224725808
476949216
264875064
54609712
794335110
936815037
731397216
73362896
-688271692
-632708672
1344282
-647758583
-326028044
404673688
377307382
-89320450
-653378090
-171883460
-985206958
-8091944
634843008
-986418997
862311976
-233043530
702857002
103169066
845294596
83197584
894792432
-285718261
-638088024
-553284017
770873645
470856896
-510987224
-945719412
-170031878
-639498357
605334518
-452837620
-68958884
183819078
-486840709
963751477
751277164
-815057184
370025778
36907048
84724540
-219829336
112962585
949233256
902485640
-74533728
420164608
274562116
456012842
-518206812
88136126
871385568
35215920
-902663436
446400030
-37191812
354580924
-974886688
-995392448
-522095530
-797199112
-738692252
-53660064
-270018512
865684854
-805607168
-659573028
956499194
-616414952
-126267980
67547126
617643512
261158552
54871006
867219668
619271664
-132790310
246678001
-835547375
-462517159
571605576
941616746
737097096
521906864
160141936
-207503166
50075664
-84075961
563481712
26279784
-534321728
-450201726
-368724049
-552181096
274039145
593084816
-806923836
-558737606
147535458
90503902
669273274
122255261
404411784
-486094525
-33582529
-444516487
118982954
-340954608
146339784
-540403656
951914476
-773287480
-886306860
-595529779
837632164
222141324
-888683544
283460702
-302382630
763623597
944884928
940266721
727883860
236262672
551434688
344626216
-697274162
-363445856
-492674258
180525971
60393984
-70435560
345457918
977437832
858054744
780944352
-346235095
179559024
-576862708
-214043704
885279928
-820313848
-634759219
-381502468
-323186831
-259874257
926722096
-755519118
-931923600
-794402388
320936215
-108132492
-690679678
-57175080
284450668
-68487326
146938088
941149408
443228142
219566448
236223959
-9701292
456918823
-137632665
396363657
84802600
-382751570
859952845
517139660
-125231170
-427892250
834694270
841899350
-803375500
-627387363
443563504
-311884300
577751335
677291208
633792509
-409543103
44637578
499588708
61459554
-713196212
-942419110
-496682350
-563974556
-581127216
-941863376
507917945
606326081
622422968
-238566152
750943479
-590486912
-39874062
26260336
-706986051
315929846
-256034928
26651019
733533400
-445693911
-526524976
334776216
821932768
-514782820
457735784
-462957802
653559358
-984060006
324449608
-455322200
441603280
-35462216
275542400
-562859949
-797226362
-145604018
87355900
-531696166
-68463392
638336
-824729470
379966703
-583074407
131873184
-114676528
72189568
-464954560
-93220352
-713439732
680299444
-398241312
-184067960
-491160634
429900021
-406029257
-111959544
-474468099
-791744140
561407256
28155960
-755644328
208177232
399730192
372244984
143361304
300773942
-560296784
-674831768
-569989458
426376750
811350766
-147258424
687781184
-415541589
13963808
-59017071
-348526120
-897803022
-267074008
48421432
6512432
-574109868
-314067300
105933338
711834034
974631708
43010244
-219627877
-840493141
79772160
94742479
-895130429
483833384
-345523816
-477953504
-891192768
-707884120
310832078
142349916
212760056
-28180774
-674665170
-413289054
351270626
854074970
122288848
28463364
-969150849
-130721802
669680546
98690736
-437142299
833837416
984368990
-757273184
-820526816
-80605472
82554769
733622844
384816942
847225092
-178298570
-562089005
-456466624
787969720
-927399569
15692568
-69527240
27974175
-102284336
762311344
-693112397
9058088
181571817
-59308847
334438591
-323004910
-164947754
-853896301
-850112068
965068736
187779372
20536624
845530317
983840904
944670648
952121528
752254009
209125046
721766298
-782933088
559779310
-774943688
-366318669
-278285690
287797119
47401106
-779861142
-345079179
-952188540
-944887676
-182677560
-152074360
-325543888
-835824288
-589404944
551002813
167948475
-837868700
-133566634
-51250760
-359563200
-396223294
121865140
917022036
120566874
-15749284
-73575884
-551785650
-49164726
-584307398
496093786
-943550222
-46630184
-166728893
382012708
-548553468
785781332
-663585256
144111515
821940680
305242716
127608760
65348360
203148238
990383256
-855798568
710564080
142616413
577794265
89196362
-241970904
978034627
-453887147
334397752
-55889192
-203566175
-601686448
675126700
907570894
-430506900
-529891410
721212955
692265992
549015336
459915905
-712444810
-926728138
516157085
417938584
-118740192
-983129500
-434592348
-543264546
334629264
709407520
119789661
-384460736
-849166781
-503885578
28577644
-630104974
356682016
-111222700
-70008926
-102791196
178421360
262362268
806267904
-223349769
803380819
-343545552
2237143
-472364568
344273820
570609465
360776384
-128283504
-822068148
62387787
-748016480
-402718104
719814878
985497775
357574704
825292451
838395119
760518178
-172794999
-931756296
-889479980
-449094948
746397670
51358904
-818420730
962858826
770506749
904658860
-914189526
-355335424
-75281658
472567385
897766816
-142879856
794991328
-46230310
462343538
-534262880
630902800
-788169752
-983333070
111010112
-181951082
849548276
223456044
-640417461
96274488
463018680
692190000
552070596
748292652
678151130
-40400914
-105614812
-537208986
101276316
-500757888
336230598
65373318
386138304
-742494466
550821544
390605600
-237454460
185887638
-339360748
-813176732
-638982648
65005517
822370992
748406181
785366070
-152473627
-278501322
-896281410
-522859164
608347631
-556902544
-619824424
304807283
994273559
653443977
567146724
-726929471
-288653398
137890624
977681402
718834736
-23733632
-979340277
410210482
393111217
-526419314
581548995
-909420754
78427856
930077650
-762354944
160267141
570478818
-473973829
-805279426
592960779
-769302311
411921828
-431178018
-595763213
244626196
-800923776
825098798
56332981
556436017
-724367766
667721486
287179169
-419562240
366351246
922510896
503583016
996903601
-46978658
-318223824
-759054328
96517122
52307598
-597842023
520078668
689036852
867491888
-613054383
-44737228
-651614897
-291484702
-206528678
911758240
449854387
243198058
-112171505
845027864
-690698466
168948260
-778479621
-115242595
-267655851
-2680902
902967260
537722122
-560273664
15660428
55778912
-376809130
894547645
-766205232
807215436
-134361204
79406870
-466403313
-824526906
-893081888
-551176904
578209194
-171419138
-887278112
711844988
43471208
760235298
-425835184
-902161164
697727196
-292606384
-110172086
-486731076
-738570222
-91269490
827685034
-743194697
-51157828
-938872860
-283744896
-45589656
716554000
-900133072
488438272
778398828
733096960
24627135
28192926
314040385
617365217
787269094
361206632
723397044
-88471970
-735462139
867147616
759727222
-2001524
560258588
-463012574
236578544
-391265187
-148730512
311203408
660876752
-42762472
-720094366
118424941
-93164312
-164590098
488609556
315515306
884494588
-17636360
-58199718
175606705
-511829520
563451656
-41894321
8019964
43220455
-66265719
-58385584
-796859096
-912011054
-980265842
-264663680
115742432
758874700
515837093
882284960
-883568536
934741441
222275324
-124332661
-45270116
-867905184
762289424
634989960
-749276391
-677794150
-529409631
356492699
-259642400
-102635667
-895587075
28478402
898746020
536635509
970384422
-102879552
-804904808
816466670
-437943208
848069629
281502196
944659362
-380258678
726049470
-628639664
461339751
134097336
-689197006
-2760540
-515211169
33063039
45343858
-540764514
101959107
957572448
787188364
616484275
133452994
-762307404
-31932273
-421392552
-951121824
-700638772
974105266
-502882592
-494416291
382704436
349313766
263162152
-910562250
491859844
774319887
-432663374
100124592
62920474
257268374
-350503860
-779185468
-385846521
-209608026
265246453
854819560
631581757
292338870
-712668693
731100324
815805712
813111336
939524592
228916004
712218650
-382023276
97594560
400352293
-16499889
853089682
-839371276
-791159159
345348601
166428010
-257250592
63781994
-138416534
716566979
963757700
-277909077
288584608
-371217000
427105064
798012831
-111615968
852987840
2275488
375181444
150258524
-932081500
760497000
900194173
-164519126
48996016
-901588993
42616745
-410632674
149300101
31935028
76481340
463277404
140639138
859529342
513029608
-858128328
991342774
-605755923
944845071
689704464
534092715
676545892
924288648
738284755
-51098528
-608592182
104565732
899398518
798770333
839473781
-626833476
58198037
239438502
-2257636
-780212172
862146407
68406596
196620866
784016248
-693433294
-26278248
444900928
146936618
497223902
874691518
536996826
250521960
252699416
-643945470
739401656
-650228928
-307032704
522947188
581645144
239898208
-250347710
646649032
119533721
-894045056
250431971
-150539830
-191206742
-793395375
-986144064
945030848
870757005
814400456
-216893756
101967488
-943800008
-403277888
-461754596
-254453858
716458959
729974856
512717440
-728708902
-397806576
171015006
254860898
-709329999
342348940
469540080
687838528
511835288
-897583934
510927880
-317916626
-401009216
240550801
724771958
-129367641
628569678
-394955555
-139596176
-535934492
-236292226
-459258918
-425528559
17477756
-626951033
-339692480
931338596
-81223513
-754052184
-551600934
-589477976
104997180
266228447
-811422288
-588583036
434396590
583876904
-70259229
110365728
250745847
1345354
-87675763
453276790
-649900904
720979682
-636138702
-18891227
97833428
872099724
-569445313
900502684
143269166
128533084
666480374
-42236412
636847153
8842400
264950084
-922521556
-280981588
532958418
170514525
456804156
-647261440
524649988
-405334366
71134346
-625578764
897196641
760559326
-974322538
-647953152
669555637
-98223308
-283794458
-988497618
285964001
-407980669
390840617
353859751
-196970843
233926520
-9661560
-285204538
6413042
-85780968
663402756
987414392
-3250617
102557396
-301044923
669034232
-54752448
-98282857
287060696
-473802801
-833374440
-351978920
-22642726
-328025635
-281869910
-521261894
495066671
702264192
-897790917
-930088684
381488720
-90765828
-128517866
-18900968
-471010023
-334122295
571044168
520921705
835557648
-160830378
-6893016
-550010397
876049664
990717443
791151040
-597556884
-449197380
-661394158
-680761557
168333820
-624602244
-46226432
-445298789
181186706
-661627520
-382813596
563633763
196165684
726652984
945832040
394352358
802135040
-485728742
683608190
-732746880
232740644
104134676
-902879044
341197307
-75556653
-166526064
75763578
-668313013
175467736
209135950
347353944
626073400
390372711
719349776
-376074886
132996256
-518779876
590983533
613670676
145757412
-725322144
-790741454
111586881
-482507607
-643679504
550114801
396890525
722985525
703171136
-254485563
188089187
86522162
-890204544
-341777774
-12793244
24969889
495957828
123851920
-132177232
834220323
-911866449
-713437657
-974895036
324514136
248632625
-609413528
934536
-53600602
-842380530
-893490016
315668808
-445548711
-613345148
328815127
382531948
586846528
18093903
919978212
528955280
-245350526
-685914339
971183029
-53963360
421514644
-545248140
-515209451
-14563328
-981173524
-785497284
-173161576
-622433384
393744807
222092526
16112792
-158600487
1311666
82206762
512707170
-996573311
-168641554
-167702224
-419053440
972962896
-44863066
-489257216
-968285816
800787180
-76971114
768530438
7934588
11137932
493423984
53918329
-41183156
-124121622
936654499
-869688286
-189256575
-719878919
112831904
496567638
43838837
700262471
-179005192
-337800194
527511910
-102724580
-357110405
-17850519
780877012
-399907464
599220642
-471993865
-792329397
113392460
-76357160
-667120668
113843564
-264261565
-385340714
149708557
-129742317
884302508
-792411872
-898292648
654893769
-427743504
52401954
577924448
-99305056
-919342283
28372486
77363626
-306001112
678038330
271371877
-145204000
249430075
-647580473
392834002
-88795803
-8303184
-16948264
-643719834
735568184
915697554
-972320680
325904476
739764672
-525976832
-651994973
95504648
774944256
-926552103
219464484
-64388876
-96679104
-296691918
-590050040
748511473
-417861888
-332344129
21009140
206770481
276369812
215622446
712389705
-128457542
248835203
-435443422
-47154342
-893722139
189889128
934723713
-763627920
846883376
-779367068
505983522
809464260
-876359096
-769001186
29693310
208669584
42868068
646210626
-494258934
195806368
271550640
766430508
152147090
-576048120
127628132
724998272
687697992
841870582
222025860
540951958
532988198
-558289004
935562722
864217168
-293954928
370240828
329308076
977143856
273236860
-908875675
887032240
435291308
338552194
-477500400
-130288430
-37680896
862632652
-237575894
-998858058
375243218
325348824
-237917972
-353185070
-657064344
407559876
19657408
-557581424
-518466594
665054177
-333379072
-582261520
-770785881
355749658
88747654
-457597629
-978009343
-155631316
-715790153
804204042
-435773530
311651772
-75359984
27007603
-951247552
596572766
-904721590
898984172
-676703028
-9044018
-64521246
685190030
-115545944
42441591
-384971358
-38266304
-636641364
-212425166
-559223841
266453350
574940042
-857576809
269787471
141849948
-427585049
76462726
503501136
-977095207
567566080
-729641770
452535046
-662767611
-71519548
-654962756
-910366162
-292471212
75745360
333568742
-710050648
40765586
760340258
672866240
-548953265
-352474365
-452856100
90983942
-318897942
-549499188
547238374
-769693074
76761226
-752274417
14539838
-46896992
-180092068
-209582882
332305530
-913686140
749934608
-952984955
85825024
-160723351
289034486
609748291
695788518
50111332
-177619647
-148144640
-843387512
15768060
511503558
44830984
462714263
562271800
398332059
-827671619
-792235780
-576070752
289711424
2209030
281080753
-664058492
-894745636
-265083384
994468507
263409356
-469679696
-520168774
-976009859
447769944
-887665168
-619953122
559125136
-224068576
-976047924
-652030270
753093345
-11202244
-659879568
729458540
-229071604
851856933
332791756
548294804
-844039082
-480016372
-15548044
-682437231
-723457288
29062890
117396174
803085303
-671053464
302134526
807117875
-343027720
-81546231
444014337
70093391
-347376242
-84159784
468464272
664875914
-676739550
-388508544
-755080964
84982877
906569420
619559181
841699840
30174288
-814998142
-899239000
-217220660
33194926
408437262
-323719228
-44102056
-890002735
-778508982
-242107104
426788568
-724608451
-338383552
-112365312
-509895821
-502168901
792307936
615937577
642815075
94582906
-546614080
-725905930
574000262
-253811768
-884381768
-812513904
254521258
-685095822
-273343278
-998668486
-992892570
810515054
-83394088
751032622
-190311764
-582170852
-151122646
-536879744
447503872
-994916208
-145031648
51773296
303913475
-90511536
-37495766
409692490
-846475464
365353096
49661876
300061573
433756812
-868975600
-550913402
195275084
398172995
-59681178
112323722
-780948864
-813278832
-359053116
727564743
-802639234
-315898251
204260544
-369039696
920031846
-216164992
158884
705149692
485273216
-983533340
-492129424
-303478928
-143740451
-947890688
-232168104
958064684
714836568
405866830
131384128
-395960656
167028734
-684524984
628259976
-701606614
339915328
11416896
-462059335
135703552
-424756388
15713418
-383749883
519588897
900179036
-933565546
568993748
-137392864
-251183388
-927563609
-224391964
-474183640
-412251372
764880518
870964166
508556508
-642963564
77409912
-871041387
-541060283
-447035780
-515158714
780445248
-119177830
-351813908
36498980
53972582
-66162561
-592065512
-971653523
48512460
-735677075
-104924090
-937428564
-378822272
84346671
-550397104
-127806736
891261482
-58070736
798936988
-688853756
551132160
235490426
-351104692
-925495640
812564132
542523882
474479502
-165031498
388132880
268872396
-78729512
-696437934
-482050418
-917716127
63913588
-10193486
438749466
534941492
-16811968
-640160360
-759991804
-350317056
647738987
461478447
-337686553
-43766346
312480007
716517884
414646028
663624418
435046377
311582617
-325366644
718905616
-891808012
-45934144
815347448
-637355466
-901206112
-371936741
-40665350
122274312
876646744
917349349
530931774
-883505696
-755371480
-206044854
-476470272
-975151958
-826505440
542353917
935986848
194682625
-173442860
-841751482
-72298350
115909694
141759456
-573666885
-134635162
314037516
-111829700
564608405
385357672
929278400
60033496
-317882381
-779366541
667253254
278860440
-761923094
-732208498
-908618864
698154904
-253395430
331502614
568359840
63040082
574789164
-464491124
209918435
144799217
-302295812
79639680
-215224094
-458913012
59017978
-366125012
-155466460
-916814934
-554600140
738332868
-299106036
-374628265
-550775162
-539707945
475851621
149717280
333954448
-163273369
-317615614
619129910
-24099905
-292071069
947324959
445660066
267997144
20872341
-462506048
-466813714
890868394
-51362110
78823776
532950012
885274230
-644331468
174575732
-11078453
-895609408
209847880
960170222
-241636164
-558102440
866320168
109387139
836574882
175908416
999273812
-637106386
-3587929
173003404
-322796646
-632689251
884670912
174547872
-19786421
914556050
-127471595
-747343520
-11404860
357394334
480596160
-920865158
-915125771
-947578460
865297631
-619893544
790651526
260613804
-626349948
471875865
-711016820
-369602007
354891504
-103404276
-92405931
879120656
-513143710
-463404058
-740801440
-845087894
426071154
948659856
-107314248
892327761
-679550440
341864896
-612679881
751781404
-646000516
563116921
-545132824
-497611599
-58192468
-707412668
664778486
-442079896
811488500
600590076
-736678167
445222496
-633045086
-268660363
40239626
-931449800
-114730416
607791968
-35825064
-212920271
877441602
383475415
905622784
369780099
131165760
-389193236
46273644
-190624019
514989964
796416864
-790625706
-140653804
873972352
-791061125
273392994
856085736
906784752
738294780
-284124616
770378067
300736408
755822056
968060826
365162319
-970559210
-326630209
-976955456
-376589056
-76308800
264413994
-423241880
856360282
420561540
64909184
425567460
137243668
-962238580
-216296298
54702612
275967760
-413416936
939341864
-584155896
631466840
-205532428
950707903
387702694
108150787
644670437
611386947
-740566660
38646337
695238872
395861628
-427103488
-956683330
-373972281
426545468
315715085
-774428390
450277586
-192361355
-407030992
-128614022
-134605095
-792900680
-316748656
633299550
-515043068
910910660
655988175
613151238
-814909764
-548229182
-228729104
-897821680
-996677295
-593443641
241407936
-603142160
474625914
-26529879
-691964045
959571512
833277532
516887872
63909148
913610528
882200808
-685160870
-312923878
-298726696
-611261256
67232786
-333315128
80822902
-514141515
872467385
-461458624
-671184696
283935040
40257526
393691314
274386300
-137494066
4371305
856721178
-256399492
125950985
-306997291
791357585
805606252
673947320
266934664
-628863836
-279020628
495843680
-999536748
226352029
755204735
-410212336
285491902
-690369474
-981654922
212252436
422706101
-541415949
-19047803
-499936980
-384698792
-167315072
-604068052
-681299004
-628533737
201899936
100179560
-874891124
182591792
-962871293
-409547537
-747327633
155675484
-785276164
215855920
735597030
857244694
771983222
970566296
-865073071
-31502808
665789519
-210143306
357227504
-868262889
-79229488
416305062
449281231
729921549
-721256462
899419810
-405627120
119846276
-195805134
768875156
-496298510
-864919248
-176257046
523128901
365829280
820418940
628441403
-18405770
-667242321
762226824
-201661579
112490067
-390255089
-551009289
-507969197
-697484254
967269115
698306672
-482996035
-250083465
706291356
-526668746
-185944174
-220211132
76355687
465099068
757351079
793246734
-830509900
-886899177
-85157959
-25672694
564395948
53016524
52000317
-959787825
971995602
941978408
222699676
-945653266
459222080
877444532
292226528
-474065212
366236432
558542220
777014707
-482966640
-885667427
57434724
-864639460
210347917
639193449
986413515
398726954
826408264
49676978
721291786
-879880948
-793161524
-253131856
-710529819
853449180
-606726546
-572725498
-226587839
-165661338
749869762
-539649762
-185811677
649999588
638811562
616444352
279744240
-31692112
-901380632
69117692
662373241
-835140976
-355838606
-234193670
-98747004
-911339101
458330652
-70988728
837294246
-355642212
68936188
-589967228
467564910
52153792
-55122598
890262260
-527722264
898269542
-12518599
759606218
115392032
-66962863
352653686
383902136
707829092
-80149268
-943593253
-650317791
-736559170
-167754918
-87125186
-841941312
647590200
708702808
-125421578
168333264
-3883640
-628646503
-577736167
-9191831
143043835
725421908
413661598
-115346288
200628224
838327981
-958701969
-718893784
-213121580
26793562
-763172626
-116216738
38454476
326495062
-695081444
61602263
271572848
-190124720
313430944
-609707264
781546050
-348745674
125065971
-990897722
920626988
-966974208
-48283233
301071484
377547383
550764577
682826192
209075178
-627992180
312629504
378269156
-193154898
-625569344
600142979
152661803
284072824
-472170832
598533647
-137417686
181097768
-695033097
140340609
168206469
602684624
-85025567
564308088
-960365918
820033074
533488109
-30739116
145202530
234307484
-8620745
-65602812
-202324958
395097136
-138617426
539956000
-907053364
-781484090
81127155
613815604
911672764
971456782
-196791529
-977855072
8966940
914489726
-311089128
-11398203
185477058
100466342
-25122218
-294678928
-912160058
-672203040
631339923
-694161956
-950055678
648552252
-411633719
-551731405
-131776120
456002284
-19842202
-191870392
-794683260
-313818264
-196892828
969434998
607451186
667742480
-687563082
956752008
-147396724
867520473
